1	0.7142	1.0884	1.1154	1.5137	1.4564	8.6495	72.6503	138.7638 4.1841	1.5642	14.3025	9.4729	4.0969
1.4001	 1	1.5238	1.5616	2.1193	2.0392	12.1103	101.7183 194.2844 5.8581 2.1900	20.0251	13.2632	5.7361
0.9188	0.6563	 1	1.0248	1.3908	1.3382	7.9473	66.7522	127.4983 3.8444	1.4372	13.1414	8.7039	3.7643
0.8965	0.6404	0.9758	 1	1.3571	1.3058	7.7549	65.1358	124.4110 3.7513	1.4024	12.8232	8.4931	3.6731
0.6606	0.4719	0.7190	0.7369	 1	0.9622	5.7143	47.9960	91.6734	2.7642	1.0334	9.4489	6.2582	2.7066
0.6866	0.4904	0.7473	0.7658	1.0393	 1	5.9388	49.8821	95.2760	2.8728	1.0740	9.8202	6.5042	2.8129
0.1156	0.0826	0.1258	0.1290	0.1750	0.1684	 1	8.3993	16.0429	0.4837	0.1808	1.6536	1.0952	0.4736
0.0138	0.0098	0.0150	0.0154	0.0208	0.0200	0.1191	 1	1.9100	0.0576	0.0215	0.1969	0.1304	0.0564
0.0072	0.0051	0.0078	0.0080	0.0109	0.0105	0.0623	0.5236	 1	0.0302	0.0113	0.1031	0.0683	0.0295
0.2390	0.1707	0.2601	0.2666	0.3618	0.3481	2.0673	17.3636	33.1648	 1	0.3738	3.4183	2.2641	0.9791
0.6393	0.4566	0.6958	0.7131	0.9677	0.9311	5.5298	46.4463	88.7136	2.6749	 1	9.1438	6.0562	2.6192
0.0699	0.0499	0.0761	0.0780	0.1058	0.1018	0.6047	5.0795	9.7020	0.2925	0.1094	 1	0.6623	0.2864
0.1056	0.0754	0.1149	0.1177	0.1598	0.1537	0.9131	7.6692	14.6484	0.4417	0.1651	1.5098	 1	0.4325
0.2441	0.1743	0.2657	0.2722	0.3695	0.3555	2.1113	17.7331	33.8706	1.0213	0.3818	3.4911	2.3122	 1